    N   CA  C   O   CB  CG  CD1 CD2 CE1 CE2 CZ
N   0   1   2   3   2   3   4   4   5   5   6
CA  1   0   1   2   1   2   3   3   4   4   5
C   2   1   0   1   2   3   4   4   5   5   6
O   3   2   1   0   3   4   5   5   6   6   7
CB  2   1   2   3   0   1   2   2   3   3   4
CG  3   2   3   4   1   0   11  11  12  12  13
CD1 4   3   4   5   2   11  0   11  11  13  12
CD2 4   3   4   5   2   11  11  0   13  11  12
CE1 5   4   5   6   3   12  11  13  0   12  11
CE2 5   4   5   6   3   12  13  11  12  0   11
CZ  6   5   6   7   4   13  12  12  11  11  0

